MEMORY
  total            13.4 MB
  struct          159.0 KB
  buffer          241.0 KB
  arena            13.0 MB, used 0.2%

SIZES
  narena                13631488
  nbuffer               246736
  nplugin               0
  maxuse_stack          1484
  maxuse_arena          30196
  maxuse_con            3
  maxuse_efc            13
  ncon                  2
  ne                    1
  nf                    0
  nl                    0
  nefc                  9
  nJ                    63
  nA                    0
  nisland               0
  threadpool            0

TIMER
    0:  duration =  10         number = 117
    1:  duration =  10         number = 117
    2:  duration =  0          number = 0
    3:  duration =  8.7        number = 117
    4:  duration =  0.37       number = 117
    5:  duration =  0.068      number = 117
    6:  duration =  0.74       number = 117
    7:  duration =  0.27       number = 117
    8:  duration =  0.65       number = 117
    9:  duration =  0.23       number = 234
    10:  duration =  7.1        number = 117
    11:  duration =  0.46       number = 117
    12:  duration =  0.02       number = 117
    13:  duration =  0.66       number = 117
    14:  duration =  4.5        number = 117

SOLVER STAT
  solver_fwdinv =   0         0       
  ISLAND 0
    solver_niter = 1
    solver_nnz = 49
      0:  improvement =  0           gradient =  2.5e-14     lineslope =  0       
          nactive = 9   nchange = 0   neval = 2   nupdate = 0

ENERGY =   0         0       

TIME =  1.8e+02 

QPOS
   1.7     
  -0.18    
   0.3     
   1.3     
   0.094   
  -0.097   
   0.082   

QVEL
   5.1e-14 
   5.2e-15 
  -1.2e-14 
  -5.5e-14 
  -3.4e-15 
   2.4e-15 
   2.1e-15 

QACC_WARMSTART
  -6.9e-14 
   1.1e-13 
  -1.3e-13 
   4.8e-14 
  -1.2e-13 
   4.9e-14 
  -1.4e-14 

CTRL
   1.7     
  -0.09    
   0.39    
   1.3     
   0.094   
  -0.18    

QFRC_APPLIED
   0       
   0       
   0       
   0       
   0       
   0       
   0       

XFRC_APPLIED
   0         0         0         0         0         0       
   0         0         0         0         0         0       
   0         0         0         0         0         0       
   0         0         0         0         0         0       
   0         0         0         0         0         0       
   0         0         0         0         0         0       
   0         0         0         0         0         0       
   0         0         0         0         0         0       
   0         0         0         0         0         0       
   0         0         0         0         0         0       
   0         0         0         0         0         0       

EQ_ACTIVE             1

QACC
  -6.9e-14 
   1.1e-13 
  -1.3e-13 
   4.8e-14 
  -1.2e-13 
   4.9e-14 
  -1.4e-14 

XPOS
   0         0         0       
  -0.011     0         0.034   
  -0.011     0         0.098   
  -0.015     0.021     0.22    
  -0.04      0.18      0.2     
  -0.04      0.18      0.17    
  -0.044     0.25      0.085   
  -0.037     0.13      0.066   
  -0.049     0.19      0.14    
  -0.03      0.19      0.14    
   0.3       0         0.0025  

XQUAT
   1         0         0         0       
   0.65      0         0         0.76    
   0.65      0.067    -0.058     0.76    
   0.65     -0.048     0.041     0.76    
   0.49     -0.49      0.42      0.58    
   0.52     -0.47      0.45      0.56    
   0.52     -0.47      0.45      0.56    
   0.52     -0.47      0.45      0.56    
   0.54     -0.49      0.42      0.53    
   0.49     -0.45      0.47      0.58    
   1         0         0         0       

XMAT
   1         0         0         0         1         0         0         0         1       
  -0.16     -0.99      0         0.99     -0.16      0         0         0         1       
  -0.15     -0.99      0.028     0.97     -0.16     -0.17      0.18      1.4e-17   0.98    
  -0.16     -0.99     -0.02      0.98     -0.16      0.13     -0.13     -1.4e-17   0.99    
  -0.025    -0.99     -0.15      0.16     -0.16      0.97     -0.99      0         0.16    
  -0.025    -1        -0.061     0.16     -0.065     0.99     -0.99      0.015     0.16    
  -0.025    -1        -0.061     0.16     -0.065     0.99     -0.99      0.015     0.16    
  -0.025    -1        -0.061     0.16     -0.065     0.99     -0.99      0.015     0.16    
   0.072    -1        -0.061     0.16     -0.049     0.99     -0.98     -0.081     0.16    
  -0.11     -0.99     -0.061     0.15     -0.077     0.99     -0.98      0.095     0.16    
   1         0         0         0         1         0         0         0         1       

XIPOS
   0         0         0       
  -0.012    -0.0001    0.081   
  -0.012     0.00029   0.2     
  -0.028     0.11      0.2     
  -0.041     0.19      0.17    
  -0.042     0.2       0.14    
  -0.044     0.25      0.085   
  -0.037     0.13      0.066   
  -0.049     0.19      0.12    
  -0.033     0.19      0.12    
   0.3       0         0.0025  

XIMAT
   1         0         0         0         1         0         0         0         1       
  -0.14     -0.99     -0.038     0.99     -0.14     -0.0067    0.0015   -0.039     1       
  -0.98      0.18     -0.046    -0.19     -0.97      0.14     -0.021     0.14      0.99    
  -0.1       0.98     -0.16      0.074     0.17      0.98      0.99      0.088    -0.089   
  -0.99     -0.15     -0.08     -0.17      0.8       0.57     -0.023     0.58     -0.82    
   0.025    -1        -0.061    -0.0088   -0.061     1        -1        -0.025    -0.01    
  -0.025    -1        -0.061     0.16     -0.065     0.99     -0.99      0.015     0.16    
  -0.025    -1        -0.061     0.16     -0.065     0.99     -0.99      0.015     0.16    
  -0.99     -0.05      0.11     -0.036     0.99      0.14     -0.11      0.13     -0.98    
  -1        -0.056    -0.071    -0.064     0.99      0.13      0.064     0.13     -0.99    
   1         0         0         0         1         0         0         0         1       

XANCHOR
  -0.011     0         0.034   
  -0.011     0         0.098   
  -0.015     0.021     0.22    
  -0.04      0.18      0.2     
  -0.04      0.18      0.17    
  -0.049     0.19      0.14    
  -0.03      0.19      0.14    

XAXIS
   0         0         1       
  -0.99     -0.16      0       
  -0.99     -0.16      1.4e-17 
  -0.99     -0.16     -1.4e-17 
  -0.025     0.16     -0.99    
  -0.061     0.99      0.16    
  -0.061     0.99      0.16    

GEOM_XPOS
  -0.013    -0.0049    0.017   
   0         0         0       
  -0.011    -2.1e-05   0.08    
  -0.0099   -0.0025    0.18    
  -0.027     0.1       0.2     
  -0.041     0.19      0.18    
  -0.042     0.21      0.14    
  -0.046     0.26      0.033   
  -0.037     0.13      0.066   
  -0.048     0.19      0.12    
  -0.032     0.19      0.12    
   0.3       0         0.0075  

GEOM_XMAT
   0.16     -0.99     -0.061    -0.0062    0.061    -1         0.99      0.16      0.0034  
   1         0         0         0         1         0         0         0         1       
  -0.19     -0.98      0.0071    0.98     -0.19     -0.009     0.01      0.0052    1       
  -1        -0.017    -0.036     0.014    -1         0.065    -0.037     0.064     1       
  -0.047     0.98     -0.17      0.1       0.18      0.98      0.99      0.028    -0.11    
  -0.12      0.99     -0.075     0.86      0.14      0.49      0.49     -0.0053   -0.87    
  -0.0019   -1        -0.065     0.038    -0.065     1        -1        -0.00057   0.038   
   1         0.062    -0.025     0.065    -0.99      0.15     -0.015    -0.15     -0.99    
  -0.025    -1        -0.061     0.16     -0.065     0.99     -0.99      0.015     0.16    
  -0.99     -0.042     0.1      -0.027     0.99      0.14     -0.11      0.14     -0.98    
  -0.99     -0.083    -0.14     -0.1       0.99      0.12      0.13      0.14     -0.98    
   0        -1         0         0         0        -1         1         0         0       

SITE_XPOS
  -0.042     0.19      0.11    

SITE_XMAT
  -0.025    -1        -0.061     0.16     -0.065     0.99     -0.99      0.015     0.16    

LIGHT_XPOS
   0         0         5.5     

LIGHT_XDIR
   0         0        -1       

SUBTREE_COM
   0.2       0.037     0.045   
  -0.029     0.12      0.14    
  -0.032     0.14      0.15    
  -0.039     0.19      0.14    
  -0.043     0.22      0.11    
  -0.043     0.22      0.1     
  -0.044     0.24      0.083   
  -0.037     0.13      0.066   
  -0.049     0.19      0.12    
  -0.033     0.19      0.12    
   0.3       0         0.0025  

CDOF
   0         0         1        -0.12     -0.018     0       
  -0.99     -0.16      0        -0.0069    0.044    -0.12    
  -0.99     -0.16      1.4e-17   0.012    -0.074    -0.1     
  -0.99     -0.16     -1.4e-17   0.0085   -0.053     0.059   
  -0.025     0.16     -0.99     -0.066    -0.012    -0.0002  
  -0.061     0.99      0.16      0.014     0.0033   -0.015   
  -0.061     0.99      0.16      0.014     0.0004    0.0031  

CINERT
   0         0         0         0         0         0         0         0         0         0       
   0.0012    0.00028   0.001     0.00014   7e-05    -0.00048   0.0012   -0.008    -0.004     0.066   
   0.0017    0.00042   0.0013    0.00019  -8.4e-05   0.00059   0.0015   -0.011     0.0049    0.087   
   0.00054   0.00032   0.00025   3.4e-05  -7.8e-06   9.9e-05   7.2e-05  -0.0013    0.005     0.084   
   0.00017   4.1e-05   0.00015   2.4e-05   1.1e-05  -6.4e-05  -0.00036   0.002     0.00096   0.03    
   0.0003    1.4e-05   0.00031   4.5e-05   3.1e-08  -2.4e-07  -0.00056   0.0035    5.2e-06   0.044   
   0.012     0.01      0.012     0.00019  -8.5e-05   0.00072  -0.0015    0.013    -0.0057    0.1     
   0.01      0.01      0.01      9.3e-07  -5.9e-06   9e-06    -7.8e-05   0.00012  -0.00076   0.01    
   6.9e-05   1.4e-05   6.5e-05   1.6e-05  -4.1e-06   1.6e-05  -0.00024   0.00084  -0.00023   0.012   
   7.1e-05   9.4e-06   6.3e-05   3.6e-06  -1.2e-06   1.7e-05  -4.9e-05   0.00085  -0.00023   0.012   
   0.1       0.1       0.1       0         0         0         0         0         0         1       

ACTUATOR_LENGTH
   1.7     
  -0.18    
   0.3     
   1.3     
   0.094   
  -0.097   

actuator_moment
---------
 x       |
  x      |
   x     |
    x    |
     x   |
      x  |
---------

ACTUATOR_MOMENT
     0:  1       
     1:  1       
     2:  1       
     3:  1       
     4:  1       
     5:  1       

CRB
   0         0         0         0         0         0         0         0         0         0       
   0.026     0.022     0.025     0.00064  -0.00011   0.0009   -8.7e-19   6.9e-18   5.2e-18   0.44    
   0.025     0.021     0.024     0.0005   -0.00018   0.0014   -0.0012    0.008     0.004     0.38    
   0.023     0.021     0.022     0.00031  -9.3e-05   0.0008   -0.0027    0.019    -0.00095   0.29    
   0.023     0.02      0.022     0.00028  -8.5e-05   0.0007   -0.0028    0.02     -0.006     0.21    
   0.022     0.02      0.022     0.00025  -9.6e-05   0.00076  -0.0024    0.018    -0.0069    0.18    
   0.022     0.02      0.022     0.00019  -9.1e-05   0.00073  -0.0016    0.013    -0.0065    0.11    
   0.01      0.01      0.01      9.3e-07  -5.9e-06   9e-06    -7.8e-05   0.00012  -0.00076   0.01    
   6.9e-05   1.4e-05   6.5e-05   1.6e-05  -4.1e-06   1.6e-05  -0.00024   0.00084  -0.00023   0.012   
   7.1e-05   9.4e-06   6.3e-05   3.6e-06  -1.2e-06   1.7e-05  -4.9e-05   0.00085  -0.00023   0.012   
   0.1       0.1       0.1       0         0         0         0         0         0         1       

QM
   0.13    
  -1.2e-05   0.13    
  -8e-05     0.03      0.13    
  -6.8e-05   0.022     0.024     0.12    
  -0.021     3.1e-05   0.0001    7.5e-05   0.12    
   3.9e-05   1.6e-07  -2.1e-06  -1.8e-06   6.6e-09   0.1     
   3.8e-05  -6.6e-06  -7.4e-06  -1.8e-06   4.6e-09             0.1     

QLD
     0:  0.13    
     0:  0.00011    1:  0.12    
     0: -0.0004     1:  0.2        2:  0.13    
     0: -0.00045    1:  0.18       2:  0.2        3:  0.12    
     0: -0.17       1:  0.00026    2:  0.00087    3:  0.00062    4:  0.12    
     0:  0.00039    1:  1.6e-06    2: -2.1e-05    3: -1.8e-05    4:  6.6e-08    5:  0.1     
     0:  0.00038    1: -6.6e-05    2: -7.4e-05    3: -1.8e-05    4:  4.6e-08    6:  0.1     

QLDIAGINV
   7.8     
   8       
   7.9     
   8.2     
   8.3     
   10      
   10      

QH
     0:  0.55    
     0: -8.1e-06    1:  0.55    
     0: -0.00013    1:  0.053      2:  0.55    
     0: -0.00012    1:  0.041      2:  0.044      3:  0.54    
     0: -0.039      1:  5.7e-05    2:  0.00019    3:  0.00014    4:  0.54    
     0:  7.4e-05    1:  3.1e-07    2: -4e-06      3: -3.5e-06    4:  1.3e-08    5:  0.52    
     0:  0.00032    1: -5.5e-05    2: -6.2e-05    3: -1.5e-05    4:  3.8e-08    6:  0.12    

QHDIAGINV
   1.8     
   1.8     
   1.8     
   1.8     
   1.9     
   1.9     
   8.3     

B: body-dof matrix
---------
 xxxxxxx |
 xxxxxxx |
 xxxxxxx |
 xxxxxxx |
 xxxxxxx |
 xxxxxxx |
 xxxxx   |
 xxxxx   |
 xxxxxx  |
 xxxxx x |
         |
---------

B_rownnz              7 7 7 7 7 7 5 5 6 6 0

B_rowadr              0 7 14 21 28 35 42 47 52 58 64

B_colind              0 1 2 3 4 5 6 0 1 2 3 4 5 6 0 1 2 3 4 5 6 0 1 2 3 4 5 6 0 1 2 3 4 5 6 0 1 2 3 4 5 6 0 1 2 3 4 0 1 2 3 4 0 1 2 3 4 5 0 1 2 3 4 6

M: inertia matrix
---------
 x       |
 xx      |
 xxx     |
 xxxx    |
 xxxxx   |
 xxxxxx  |
 xxxxx x |
---------

M_rownnz              1 2 3 4 5 6 6

M_rowadr              0 1 3 6 10 15 21

M_colind              0 0 1 0 1 2 0 1 2 3 0 1 2 3 4 0 1 2 3 4 5 0 1 2 3 4 6

mapM2M                0 2 1 5 4 3 9 8 7 6 14 13 12 11 10 20 19 18 17 16 15 26 25 24 23 22 21

C: reduced dof-dof matrix
---------
 x       |
 xx      |
 xxx     |
 xxxx    |
 xxxxx   |
 xxxxxx  |
 xxxxx x |
---------

C_rownnz              1 2 3 4 5 6 6

C_rowadr              0 1 3 6 10 15 21

C_colind              0 0 1 0 1 2 0 1 2 3 0 1 2 3 4 0 1 2 3 4 5 0 1 2 3 4 6

mapM2C                0 2 1 5 4 3 9 8 7 6 14 13 12 11 10 20 19 18 17 16 15 26 25 24 23 22 21

D: dof-dof matrix
---------
 Dxxxxxx |
 xDxxxxx |
 xxDxxxx |
 xxxDxxx |
 xxxxDxx |
 xxxxxD  |
 xxxxx D |
---------

D_rownnz              7 7 7 7 7 6 6

D_rowadr              0 7 14 21 28 35 41

D_colind              0 1 2 3 4 5 6 0 1 2 3 4 5 6 0 1 2 3 4 5 6 0 1 2 3 4 5 6 0 1 2 3 4 5 6 0 1 2 3 4 5 0 1 2 3 4 6

mapM2D                0 2 5 9 14 20 26 2 1 4 8 13 19 25 5 4 3 7 12 18 24 9 8 7 6 11 17 23 14 13 12 11 10 16 22 20 19 18 17 16 15 26 25 24 23 22 21

mapD2M                0 8 7 16 15 14 24 23 22 21 32 31 30 29 28 40 39 38 37 36 35 46 45 44 43 42 41

QDERIV
     0: -2.1e+02    1:  0          2:  0          3:  0          4:  0          5:  0          6:  0       
     0:  0          1: -2.1e+02    2:  0          3:  0          4:  0          5:  0          6:  0       
     0:  0          1:  0          2: -2.1e+02    3:  0          4:  0          5:  0          6:  0       
     0:  0          1:  0          2:  0          3: -2.1e+02    4:  0          5:  0          6:  0       
     0:  0          1:  0          2:  0          3:  0          4: -2.1e+02    5:  0          6:  0       
     0:  0          1:  0          2:  0          3:  0          4:  0          5: -2.1e+02 
     0:  0          1:  0          2:  0          3:  0          4:  0          6: -10      

CONTACT
  0:
     dim           3
     geoms         floor : 7
     exclude       0
     efc_address   1
     solref         0.02      1       
     solimp         0.9       0.95      0.001     0.5       2       
     dist          -0.0045  
     includemargin  0       
     pos           -0.045     0.26     -0.0022  
     frame          0         0         1         0         1         0        -1         0         0       
     friction       1         1         0.005     0.0001    0.0001  
     mu             1       
  1:
     dim           3
     geoms         9 : 10
     exclude       0
     efc_address   5
     solref         0.02      1       
     solimp         0.9       0.95      0.001     0.5       2       
     dist          -0.011   
     includemargin  0       
     pos           -0.04      0.19      0.074   
     frame          0.99      0.075    -0.081    -0.075     1         0.0061    0.081    -8.7e-19   1       
     friction       1         1         0.005     0.0001    0.0001  
     mu             1       

EFC_TYPE
  0
  6
  6
  6
  6
  6
  6
  6
  6

EFC_ID
  0
  0
  0
  0
  0
  1
  1
  1
  1

EFC_J
   0         0         0         0         0         1         1       
  -0.034    -0.36     -0.46     -0.28     -0.00063   0         0       
   0.034    -0.16     -0.027     0.11     -0.0017    0         0       
   0.26     -0.28     -0.28     -0.11     -0.051     0         0       
  -0.26     -0.25     -0.21     -0.051     0.048     0         0       
   0         0         0         0         0         0.06     -0.065   
   0         0         0         0         0         0.065    -0.063   
   0         0         0         0         0         0.076    -0.06    
   0         0         0         0         0         0.049    -0.068   

EFC_POS
  -0.016   
  -0.0045  
  -0.0045  
  -0.0045  
  -0.0045  
  -0.011   
  -0.011   
  -0.011   
  -0.011   

EFC_MARGIN
   0       
   0       
   0       
   0       
   0       
   0       
   0       
   0       
   0       

EFC_FRICTIONLOSS
   0       
   0       
   0       
   0       
   0       
   0       
   0       
   0       
   0       

EFC_DIAGAPPROX
   20      
   2.7     
   2.7     
   2.7     
   2.7     
   3.7     
   3.7     
   3.7     
   3.7     

EFC_KBIP
   2.8e+03   1.1e+02   0.95      0       
   2.8e+03   1.1e+02   0.95      0       
   2.8e+03   1.1e+02   0.95      0       
   2.8e+03   1.1e+02   0.95      0       
   2.8e+03   1.1e+02   0.95      0       
   2.8e+03   1.1e+02   0.95      0       
   2.8e+03   1.1e+02   0.95      0       
   2.8e+03   1.1e+02   0.95      0       
   2.8e+03   1.1e+02   0.95      0       

EFC_D
   0.95    
   7.1     
   7.1     
   7.1     
   7.1     
   5.1     
   5.1     
   5.1     
   5.1     

EFC_R
   1.1     
   0.14    
   0.14    
   0.14    
   0.14    
   0.2     
   0.2     
   0.2     
   0.2     

ACTUATOR_VELOCITY
   5.1e-14 
   5.2e-15 
  -1.2e-14 
  -5.5e-14 
  -3.3e-15 
   2.4e-15 

CVEL
   0         0         0         0         0         0       
   0         0         5.1e-14  -6.2e-15  -9.1e-16   0       
  -5.1e-15  -8.1e-16   5.1e-14  -6.2e-15  -6.9e-16  -6.4e-16 
   6.5e-15   1e-15     5.1e-14  -6.3e-15   1.8e-16   5.6e-16 
   6.1e-14   9.6e-15   5.1e-14  -6.8e-15   3.1e-15  -2.7e-15 
   6.1e-14   9.1e-15   5.4e-14  -6.6e-15   3.1e-15  -2.7e-15 
   6.1e-14   9.1e-15   5.4e-14  -6.6e-15   3.1e-15  -2.7e-15 
   6.1e-14   9.1e-15   5.4e-14  -6.6e-15   3.1e-15  -2.7e-15 
   6.1e-14   1.1e-14   5.4e-14  -6.5e-15   3.2e-15  -2.7e-15 
   6.1e-14   1.1e-14   5.4e-14  -6.5e-15   3.2e-15  -2.7e-15 
   0         0         0         0         0         0       

CDOF_DOT
   0         0         0         0         0         0       
   7.9e-15  -5e-14     0        -2.2e-15  -3.5e-16   6.2e-17 
   7.9e-15  -5e-14     0         3.7e-15   7e-16     6.8e-16 
   7.9e-15  -5e-14     1.4e-30   2.8e-15  -5.1e-16   8.1e-16 
  -1.8e-14   5.9e-14   9.9e-15  -2.1e-15  -9.9e-15  -1.1e-15 
  -5.2e-14  -1.3e-14   6.1e-14   2.8e-15   2.9e-15  -6.2e-15 
  -5.2e-14  -1.3e-14   6.1e-14   3.1e-15   1.8e-15  -6.4e-15 

QFRC_BIAS
   2.8e-29 
  -0.54    
  -0.48    
  -0.078   
  -0.001   
  -6.4e-06 
   0.00033 

QFRC_SPRING
   0       
   0       
   0       
   0       
   0       
   0       
   0       

QFRC_DAMPER
  -5.1e-13 
  -5.2e-14 
   1.2e-13 
   5.5e-13 
   3.3e-14 
  -2.4e-14 
  -2.2e-14 

QFRC_GRAVCOMP
   0       
   0       
   0       
   0       
   0       
   0       
   0       

QFRC_FLUID
   0       
   0       
   0       
   0       
   0       
   0       
   0       

QFRC_PASSIVE
  -5.1e-13 
  -5.2e-14 
   1.2e-13 
   5.5e-13 
   3.3e-14 
  -2.4e-14 
  -2.2e-14 

EFC_VEL
   4.6e-15 
   1.7e-14 
  -5.1e-15 
   2.1e-14 
  -9.4e-15 
   2.4e-18 
   1.6e-17 
   5.2e-17 
  -3.4e-17 

EFC_AREF
   41      
   12      
   12      
   12      
   12      
   30      
   30      
   30      
   30      

SUBTREE_LINVEL
   0         0         0       
   0         0         0       
   0         0         0       
   0         0         0       
   0         0         0       
   0         0         0       
   0         0         0       
   0         0         0       
   0         0         0       
   0         0         0       
   0         0         0       

SUBTREE_ANGMOM
   0         0         0       
   0         0         0       
   0         0         0       
   0         0         0       
   0         0         0       
   0         0         0       
   0         0         0       
   0         0         0       
   0         0         0       
   0         0         0       
   0         0         0       

ACTUATOR_FORCE
   5.9e-12 
   87      
   80      
   27      
   0.39    
  -78      

QFRC_ACTUATOR
   5.9e-12 
   87      
   80      
   27      
   0.39    
  -78      
   0       

QFRC_SMOOTH
   5.4e-12 
   88      
   81      
   27      
   0.39    
  -78      
  -0.00033 

QACC_SMOOTH
   1       
   5.4e+02 
   4.8e+02 
   31      
   2.9     
  -7.8e+02 
   0.069   

EFC_B
  -8.2e+02 
  -4.4e+02 
  -1.1e+02 
  -3e+02   
  -2.5e+02 
  -77      
  -81      
  -90      
  -68      

EFC_FORCE
   39      
   83      
   83      
   83      
   83      
   1.5e+02 
   1.5e+02 
   1.5e+02 
   1.5e+02 

EFC_STATE
  1
  1
  1
  1
  1
  1
  1
  1
  1

QFRC_CONSTRAINT
  -5.4e-12 
  -88      
  -81      
  -27      
  -0.39    
   78      
   0.00033 

QFRC_INVERSE
   0       
   0       
   0       
   0       
   0       
   0       
   0       

CACC
   0         0         0         0         0         0       
   0         0         0         0         0         0       
   0         0         0         0         0         0       
   0         0         0         0         0         0       
   0         0         0         0         0         0       
   0         0         0         0         0         0       
   0         0         0         0         0         0       
   0         0         0         0         0         0       
   0         0         0         0         0         0       
   0         0         0         0         0         0       
   0         0         0         0         0         0       

CFRC_INT
   0         0         0         0         0         0       
   0         0         0         0         0         0       
   0         0         0         0         0         0       
   0         0         0         0         0         0       
   0         0         0         0         0         0       
   0         0         0         0         0         0       
   0         0         0         0         0         0       
   0         0         0         0         0         0       
   0         0         0         0         0         0       
   0         0         0         0         0         0       
   0         0         0         0         0         0       

CFRC_EXT
   0         0         0         0         0         0       
   0         0         0         0         0         0       
   0         0         0         0         0         0       
   0         0         0         0         0         0       
   0         0         0         0         0         0       
   0         0         0         0         0         0       
   0         0         0         0         0         0       
   0         0         0         0         0         0       
   0         0         0         0         0         0       
   0         0         0         0         0         0       
   0         0         0         0         0         0       

